0.0000000000e+00,1.3334416151e+00,1.3269019127e+00,2.6937100887e+00,2.6804444790e+00,1.5728846788e+00,1.3392221928e+00,2.1003599167e+00,2.6267063618e+00,1.5214458704e+00,1.4063066244e+00,1.1197305918e+00,2.9221746922e+00,2.2502529621e+00,1.9537380934e+00,1.9942150116e+00,1.4099726677e+00,2.7192561626e+00,2.3934698105e+00,2.1626694202e+00,2.3508734703e+00,2.7350251675e+00,1.8995414972e+00,3.6443550587e+00,2.1878135204e+00,1.4637372494e+00,1.5870518684e+00,2.9889636040e+00,2.0738656521e+00,1.9403132200e+00,5.3213987350e+00,2.6704392433e+00,1.9123952389e+00,3.0983309746e+00,2.3368563652e+00,1.3057539463e+00,1.4560332298e+00,2.5442528725e+00,2.5927748680e+00,2.3242959976e+00,1.9248607159e+00,1.8645755053e+00,3.3762834072e+00,2.3311514854e+00,2.2563710213e+00,1.1038048267e+00,1.6532969475e+00,1.8601816893e+00,2.5019226074e+00,3.1775319576e+00,2.0053896904e+00,2.4629633427e+00,3.1017334461e+00,9.8551982641e-01,8.0424821377e-01,2.7455236912e+00,2.7101166248e+00,1.0931715965e+00,2.0456836224e+00,2.9724154472e+00,3.4358205795e+00,2.0643048286e+00,1.3456941843e+00,2.8403992653e+00,2.8344538212e+00,2.4316182137e+00,2.9362595081e+00,6.4271769524e+00,3.2206866741e+00,3.0699720383e+00,9.6198117733e-01,3.9341514111e+00,3.0148859024e+00,6.6097049713e+00,2.7986242771e+00,2.8244273663e+00,3.3556759357e+00,2.2986936569e+00,2.1670997143e+00,2.6162223816e+00,2.8644464016e+00,2.3516137600e+00,2.3907430172e+00,6.2798053026e-01,1.5323559046e+00,2.9173989296e+00,2.5342299938e+00,2.0778813362e+00,2.5867145061e+00,2.0612132549e+00,2.3138813972e+00,2.2259564400e+00,9.6964967251e-01,3.8218810558e+00,1.6298642159e+00,4.1506409645e+00,3.0672121048e+00,3.0068635941e+00,1.1219271421e+00,2.1739585400e+00
1.3334416151e+00,0.0000000000e+00,6.6793650389e-01,9.3280833960e-01,9.7395092249e-01,1.1571022272e+00,6.1324626207e-01,8.9038538933e-01,1.3295137882e+00,1.2337567806e+00,6.6633898020e-01,5.4839253426e-01,1.4151574373e+00,9.4530713558e-01,4.6687620878e-01,8.5920256376e-01,1.0284752846e+00,1.3824279308e+00,8.6834019423e-01,7.9612040520e-01,2.7031183243e+00,9.1499334574e-01,1.0548070669e+00,2.4259972572e+00,2.0960814953e+00,1.0386809111e+00,6.5940177441e-01,1.1936869621e+00,1.4226825237e+00,9.4802969694e-01,2.7832407951e+00,1.1664949656e+00,7.0098680258e-01,1.0468620062e+00,8.7496632338e-01,5.8263438940e-01,9.0961486101e-01,1.0891842842e+00,1.1739933491e+00,1.0659853220e+00,1.3060849905e+00,1.2248917818e+00,1.3496099710e+00,9.1851913929e-01,1.0203764439e+00,4.8190829158e-01,5.4289048910e-01,5.1764601469e-01,1.2917702198e+00,1.4751330614e+00,8.9709526300e-01,7.0330846310e-01,1.0342611074e+00,1.7079406977e+00,6.8385130167e-01,1.0505077839e+00,8.8700926304e-01,9.2940962315e-01,9.0298080444e-01,1.0562303066e+00,2.4278712273e+00,1.4689389467e+00,2.3038513660e+00,1.0317676067e+00,9.6744054556e-01,1.0346281528e+00,1.0892508030e+00,4.0211281776e+00,1.8169255257e+00,2.0823335648e+00,1.8884879351e+00,2.7979483604e+00,1.1545732021e+00,3.9506030083e+00,1.0080565214e+00,1.0202600956e+00,1.7659474611e+00,8.4584981203e-01,8.4671008587e-01,1.3397208452e+00,1.2602884769e+00,8.9384144545e-01,1.3144482374e+00,1.6049251556e+00,9.4869190454e-01,1.4396889210e+00,1.8390619755e+00,1.1511795521e+00,9.3801307678e-01,7.4979561567e-01,8.0515021086e-01,1.0016678572e+00,1.6211674213e+00,1.4767280817e+00,1.5203206539e+00,2.0943205357e+00,1.1971783638e+00,1.1863009930e+00,5.5728662014e-01,1.1561518908e+00
1.3269019127e+00,6.6793650389e-01,0.0000000000e+00,4.3784943223e-01,4.3260219693e-01,2.4589046836e-01,8.2040441036e-01,3.4001642466e-01,3.5786142945e-01,4.6725687385e-01,1.5382550657e-01,1.3349550962e-01,6.2155163288e-01,6.9498711824e-01,7.8759980202e-01,1.7282271385e-01,3.0734506249e-01,5.5165582895e-01,8.0199319124e-01,3.1024512649e-01,1.2268275023e+00,7.3426228762e-01,2.8465020657e-01,1.4766846895e+00,7.7660262585e-01,2.6682651043e-01,3.0346143246e-01,5.7592356205e-01,5.3142446280e-01,3.0399161577e-01,3.0779125690e+00,4.2222595215e-01,1.5441653132e-01,9.0509283543e-01,3.6163613200e-01,1.0974120349e-01,1.2435486168e-01,4.4481471181e-01,4.2139354348e-01,4.4347375631e-01,4.6520963311e-01,6.1268341541e-01,7.6780074835e-01,5.0197166204e-01,2.7154260874e-01,4.2074498534e-01,2.0516245067e-01,5.0566965342e-01,9.1453480721e-01,1.0650211573e+00,1.8152450025e-01,5.9327983856e-01,9.4642829895e-01,2.0814585686e+00,8.4962177277e-01,4.4394984841e-01,5.5683541298e-01,6.4580988884e-01,6.2979495525e-01,6.5889084339e-01,1.6006836891e+00,4.5972761512e-01,3.4764683247e+00,5.3935635090e-01,5.6538808346e-01,3.6060464382e-01,5.6156748533e-01,4.3102688789e+00,9.7802549601e-01,1.2501705885e+00,2.5132119656e+00,1.9525951147e+00,6.0616058111e-01,4.8391537666e+00,5.1923584938e-01,5.6566876173e-01,1.0473711491e+00,3.5272389650e-01,2.4078461528e-01,6.0452651978e-01,5.0947135687e-01,5.2981734276e-01,2.3762948513e+00,2.3573267460e+00,1.6187952459e-01,5.8843827248e-01,7.8707486391e-01,5.1691281796e-01,5.4688566923e-01,3.3794352412e-01,4.0119057894e-01,3.3638122678e-01,2.5142183304e+00,1.8236936331e+00,6.0947620869e-01,2.0304901600e+00,9.2233914137e-01,5.3308081627e-01,2.3008106649e-01,6.2084412575e-01
2.6937100887e+00,9.3280833960e-01,4.3784943223e-01,0.0000000000e+00,9.9362201989e-02,6.8209284544e-01,1.2001425028e+00,3.2494276762e-01,2.6169604063e-01,9.2564433813e-01,4.8406776786e-01,5.6690609455e-01,3.9984849095e-01,6.4767396450e-01,7.1522182226e-01,2.0552183688e-01,7.6263618469e-01,4.6295687556e-01,6.5005570650e-01,1.2156681716e-01,1.8614536524e+00,2.1392469108e-01,4.4497126341e-01,1.6282680035e+00,1.2574249506e+00,6.4904952049e-01,5.6255871058e-01,2.4601940811e-01,7.4872374535e-01,3.1473743916e-01,2.8342671394e+00,8.1221662462e-02,2.1086066961e-01,3.9617583156e-01,2.3899166286e-01,4.2084014416e-01,5.9348177910e-01,2.2129608691e-01,2.3801106215e-01,4.1776916385e-01,6.8390458822e-01,8.9646607637e-01,2.5936493278e-01,3.9699703455e-01,2.6625779271e-01,9.2623388767e-01,2.7683252096e-01,5.7511419058e-01,9.0641826391e-01,9.5840841532e-01,1.7277818918e-01,2.8823503852e-01,4.1221284866e-01,3.3889639378e+00,1.5196392536e+00,1.1843328923e-01,2.9232433438e-01,1.1737053394e+00,6.6767716408e-01,2.6620200276e-01,1.7966685295e+00,8.4746307135e-01,5.0583362579e+00,1.6920095682e-01,1.3094630837e-01,2.5479283929e-01,8.2963816822e-02,4.1465339661e+00,9.0412575006e-01,1.5369590521e+00,3.9434545040e+00,2.1871953011e+00,2.8297588229e-01,4.6359682083e+00,1.0054765642e-01,6.6566549242e-02,8.6522209644e-01,1.9855400920e-01,2.0272585750e-01,4.8921203613e-01,2.2716355324e-01,4.1583272815e-01,2.6988575459e+00,3.7499396801e+00,4.7917512059e-01,2.6276746392e-01,7.9773771763e-01,5.3579777479e-01,3.1433007121e-01,3.3991548419e-01,2.4603985250e-01,2.9555067420e-01,3.7447135448e+00,1.6011123657e+00,1.1067999601e+00,1.8254542351e+00,4.8836869001e-01,7.2923801839e-02,6.3629174232e-01,7.5955957174e-01
2.6804444790e+00,9.7395092249e-01,4.3260219693e-01,9.9362201989e-02,0.0000000000e+00,7.0712697506e-01,1.1144264936e+00,4.0764644742e-01,3.0078020692e-01,1.1696227789e+00,5.5747187138e-01,5.6533545256e-01,5.6808429956e-01,6.9711410999e-01,7.5145709515e-01,2.5945103168e-01,9.2363905907e-01,6.2065106630e-01,7.8214770555e-01,1.4982682467e-01,2.0872170925e+00,2.8587791324e-01,5.5540984869e-01,1.8419861794e+00,1.3956255913e+00,6.6729927063e-01,4.1809740663e-01,1.6933052242e-01,9.3200439215e-01,4.1698309779e-01,3.2440207005e+00,1.8120844662e-01,2.7964079380e-01,3.9314910769e-01,1.5358284116e-01,4.1918814182e-01,5.4416733980e-01,3.1565192342e-01,2.5691080093e-01,4.9854138494e-01,8.8124591112e-01,1.0768464804e+00,1.2551875412e-01,2.5477123260e-01,2.5544455647e-01,7.9303765297e-01,3.4031343460e-01,4.9962761998e-01,9.2368775606e-01,1.1847054958e+00,1.5400053561e-01,1.7573924363e-01,4.7651025653e-01,3.2724597454e+00,1.5438164473e+00,1.9417257607e-01,4.2053037882e-01,1.2594544888e+00,7.1210688353e-01,3.3022233844e-01,1.9409357309e+00,9.8676788807e-01,4.8543472290e+00,8.2241684198e-02,1.1875290424e-01,3.3567553759e-01,6.2315322459e-02,4.6802620888e+00,1.0795470476e+00,1.8615224361e+00,3.7563757896e+00,2.4364809990e+00,4.4566696882e-01,5.2325773239e+00,5.0008170307e-02,1.0020329803e-01,1.2330266237e+00,1.9003438950e-01,1.1028636247e-01,6.0553199053e-01,2.6279520988e-01,4.6024343371e-01,2.6508700848e+00,3.7193706036e+00,4.9540668726e-01,3.1629180908e-01,1.0338553190e+00,7.6310187578e-01,1.9052407146e-01,3.1937381625e-01,2.7963304520e-01,3.8938885927e-01,3.6519262791e+00,1.9414179325e+00,1.1399676800e+00,2.2197537422e+00,5.6146502495e-01,1.1427453160e-01,6.1487108469e-01,9.8445248604e-01
1.5728846788e+00,1.1571022272e+00,2.4589046836e-01,6.8209284544e-01,7.0712697506e-01,0.0000000000e+00,1.1403725147e+00,4.8298981786e-01,4.2171314359e-01,2.5195711851e-01,1.8943390250e-01,4.2204862833e-01,4.9954903126e-01,7.3695319891e-01,1.2316201925e+00,2.4554748833e-01,1.7963692546e-01,3.9393264055e-01,9.5922297239e-01,4.4561493397e-01,6.3758188486e-01,1.1788630486e+00,2.9615932703e-01,1.2708213329e+00,4.6241277456e-01,6.1346903443e-02,7.0891350508e-01,7.3565000296e-01,3.2154771686e-01,3.2442516088e-01,3.3586666584e+00,5.3347861767e-01,3.2177820802e-01,1.1243128777e+00,5.8216995001e-01,4.3645492196e-01,2.6483595371e-01,3.9610946178e-01,4.7664985061e-01,6.1188238859e-01,2.3349952698e-01,5.8947139978e-01,1.1330555677e+00,7.9095959663e-01,3.7115871906e-01,8.9703571796e-01,5.2590805292e-01,6.4432251453e-01,1.2543776035e+00,1.1117745638e+00,3.5250186920e-01,9.4229125977e-01,1.0649646521e+00,2.1456878185e+00,1.4536095858e+00,5.6284314394e-01,6.9084745646e-01,5.1788049936e-01,7.4439787865e-01,7.7037173510e-01,1.1369410753e+00,4.1378763318e-01,4.3855991364e+00,8.8728386164e-01,9.9866074324e-01,4.4439861178e-01,9.1410154104e-01,4.5721607208e+00,7.6513963938e-01,1.0015136003e+00,3.4361376762e+00,1.5912884474e+00,7.7772372961e-01,5.2211804390e+00,8.1723242998e-01,8.2992422581e-01,1.0589001179e+00,5.3986579180e-01,5.0748431683e-01,5.8636105061e-01,6.3929289579e-01,5.7880407572e-01,2.5364105701e+00,2.8741929531e+00,5.4525014013e-02,5.2610629797e-01,6.5452212095e-01,3.2825455070e-01,8.6182188988e-01,4.0081945062e-01,5.0161999464e-01,3.2068243623e-01,3.3766524792e+00,2.1961386204e+00,3.0870041251e-01,2.1541912556e+00,9.5657008886e-01,8.5010772943e-01,5.8487838507e-01,6.3422328234e-01
1.3392221928e+00,6.1324626207e-01,8.2040441036e-01,1.2001425028e+00,1.1144264936e+00,1.1403725147e+00,0.0000000000e+00,7.0539993048e-01,1.2549302578e+00,1.2585949898e+00,8.4339815378e-01,6.6686016321e-01,1.9044083357e+00,1.0740803480e+00,2.8379169106e-01,8.4350234270e-01,9.7277486324e-01,1.7026469707e+00,8.6259150505e-01,7.3414766788e-01,2.2779374123e+00,1.3048422337e+00,1.0238919258e+00,3.4546327591e+00,1.7183905840e+00,1.2173383236e+00,4.7871235013e-01,1.5767503977e+00,1.8683794737e+00,8.2898795605e-01,4.4518489838e+00,1.2257539034e+00,9.7590142488e-01,1.3116033077e+00,7.9589635134e-01,6.3223171234e-01,8.6826914549e-01,1.2348675728e+00,1.2264111042e+00,1.3171917200e+00,1.5973458290e+00,1.0118185282e+00,1.2905049324e+00,7.2278934717e-01,1.1774123907e+00,4.1096955538e-01,9.4266396761e-01,7.3766064644e-01,1.0512442589e+00,2.5802373886e+00,9.1675120592e-01,7.1750777960e-01,1.3892893791e+00,1.0870612860e+00,7.7880632877e-01,1.4866755009e+00,1.2546857595e+00,6.4550292492e-01,1.1365830898e+00,1.4473578930e+00,3.1276006699e+00,1.5880817175e+00,2.1212427616e+00,1.2420419455e+00,1.3512799740e+00,1.2764126062e+00,1.2589699030e+00,5.5946493149e+00,2.5483319759e+00,2.9400231838e+00,1.8732250929e+00,4.0285496712e+00,1.7890572548e+00,6.1870360374e+00,1.1480979919e+00,1.1960318089e+00,2.6401717663e+00,9.4188016653e-01,7.6576817036e-01,1.5247591734e+00,1.3852368593e+00,1.1268354654e+00,6.0918420553e-01,1.2589212656e+00,8.7579303980e-01,1.5625302792e+00,1.7718657255e+00,1.4555895329e+00,6.7510336637e-01,6.3689941168e-01,1.1452097893e+00,1.3652125597e+00,1.5229151249e+00,2.6134903431e+00,1.4730575085e+00,3.4362683296e+00,1.4112870693e+00,1.3758509159e+00,5.8684188128e-01,1.7779834270e+00
2.1003599167e+00,8.9038538933e-01,3.4001642466e-01,3.2494276762e-01,4.0764644742e-01,4.8298981786e-01,7.0539993048e-01,0.0000000000e+00,2.1372519433e-01,5.1907593012e-01,2.6569622755e-01,4.8693007231e-01,5.4859673977e-01,7.0979952812e-01,4.5492008328e-01,1.7693051696e-01,3.8482958078e-01,4.6108353138e-01,3.1465154886e-01,1.8518242240e-01,1.2299187183e+00,7.7569729090e-01,2.6107791066e-01,1.6970093250e+00,6.8562263250e-01,5.8023822308e-01,5.0063866377e-01,5.1899933815e-01,7.0531326532e-01,1.9029882550e-01,2.7866864204e+00,2.8375580907e-01,1.8874952197e-01,6.5575158596e-01,3.1042453647e-01,4.2675307393e-01,4.1011455655e-01,3.1008729339e-01,2.5198024511e-01,4.5468291640e-01,5.8376795053e-01,3.5787454247e-01,5.7862770557e-01,5.2483826876e-01,2.6305314898e-01,7.4559009075e-01,5.2447801828e-01,4.3929922581e-01,8.3635812998e-01,1.1679443121e+00,2.3817926645e-01,4.6943718195e-01,5.5050033331e-01,2.4216201305e+00,1.3083642721e+00,3.4063228965e-01,3.1971114874e-01,6.2965303659e-01,7.3765677214e-01,4.0297123790e-01,1.5580610037e+00,4.9493628740e-01,4.2835512161e+00,4.8476257920e-01,6.4325237274e-01,2.7521502972e-01,5.0441831350e-01,3.7411911488e+00,9.1035777330e-01,1.3405627012e+00,3.4523527622e+00,2.1099646091e+00,4.6149837971e-01,4.5572366714e+00,3.9274778962e-01,3.9037290215e-01,1.0452101231e+00,2.1276372671e-01,2.3666690290e-01,4.0113079548e-01,3.4457194805e-01,5.2550017834e-01,1.9338465929e+00,2.8444144726e+00,3.5775783658e-01,4.3604996800e-01,6.6748946905e-01,6.0775929689e-01,4.1476327181e-01,2.6460474730e-01,4.0370228887e-01,2.9793712497e-01,3.2493627071e+00,1.4499208927e+00,9.7468054295e-01,1.8517206907e+00,4.7491401434e-01,4.9697741866e-01,6.1899644136e-01,5.9950917959e-01
2.6267063618e+00,1.3295137882e+00,3.5786142945e-01,2.6169604063e-01,3.0078020692e-01,4.2171314359e-01,1.2549302578e+00,2.1372519433e-01,0.0000000000e+00,6.5883749723e-01,3.6649501324e-01,5.7213056087e-01,2.9440987110e-01,6.6943186522e-01,9.3358367682e-01,1.8887203932e-01,4.4222387671e-01,2.8380474448e-01,6.8132567406e-01,2.3878148198e-01,1.1442790031e+00,7.4446654320e-01,2.0802912116e-01,1.3567117453e+00,7.0913398266e-01,5.0739884377e-01,6.2682217360e-01,3.7250030041e-01,5.8984702826e-01,2.4436573684e-01,3.0076308250e+00,1.8109294772e-01,2.0919707417e-01,6.8559902906e-01,3.3553674817e-01,5.0100159645e-01,4.6555039287e-01,1.7015960813e-01,2.0262560248e-01,2.8897890449e-01,4.9755111337e-01,5.3443753719e-01,4.3624967337e-01,6.3334059715e-01,2.1702603996e-01,1.0164633989e+00,5.3778815269e-01,6.5555757284e-01,8.2461875677e-01,9.5561343431e-01,2.1777762473e-01,6.0762143135e-01,6.0197126865e-01,3.2828290462e+00,1.6238290071e+00,2.5257664919e-01,3.0935952067e-01,1.0209912062e+00,7.1531611681e-01,3.3440986276e-01,1.4713767767e+00,4.2274731398e-01,5.2928233147e+00,4.0852326155e-01,5.4034930468e-01,2.6030066609e-01,3.7315967679e-01,4.3428344727e+00,7.2627818584e-01,1.2411588430e+00,4.0869107246e+00,1.9218634367e+00,3.9556446671e-01,5.0969223976e+00,3.4194853902e-01,3.3298245072e-01,8.2921057940e-01,2.8103607893e-01,2.0773212612e-01,3.9367625117e-01,2.6072269678e-01,4.4068419933e-01,2.8616821766e+00,3.7768793106e+00,3.2732895017e-01,2.1836571395e-01,5.1183772087e-01,5.1199924946e-01,4.6195170283e-01,2.9164904356e-01,3.2206332684e-01,2.3433294892e-01,4.0052876472e+00,1.8555160761e+00,9.6978133917e-01,1.8727022409e+00,5.7717555761e-01,3.1251129508e-01,7.9668653011e-01,6.7997628450e-01
1.5214458704e+00,1.2337567806e+00,4.6725687385e-01,9.2564433813e-01,1.1696227789e+00,2.5195711851e-01,1.2585949898e+00,5.1907593012e-01,6.5883749723e-01,0.0000000000e+00,3.0711162090e-01,6.5348565578e-01,6.7897504568e-01,1.0962353945e+00,1.2723666430e+00,4.2740026116e-01,1.1914192140e-01,5.0090926886e-01,8.5771942139e-01,6.8938696384e-01,5.2428865433e-01,1.5109527111e+00,4.3089702725e-01,1.3129880428e+00,4.2916327715e-01,3.5486119986e-01,1.1050732136e+00,1.1830143929e+00,3.3614793420e-01,4.0390831232e-01,3.0293529034e+00,7.3657733202e-01,4.8904755712e-01,1.3760260344e+00,9.2717224360e-01,6.8082481623e-01,4.9990665913e-01,6.5890192986e-01,7.1919703484e-01,8.6408299208e-01,2.4753753841e-01,4.7356361151e-01,1.6295572519e+00,1.2120093107e+00,6.2274074554e-01,1.2115104198e+00,7.4455183744e-01,9.2854732275e-01,1.5432466269e+00,1.1657305956e+00,6.3421499729e-01,1.3678174019e+00,1.3343423605e+00,2.1056251526e+00,1.4745362997e+00,8.0284416676e-01,8.2139509916e-01,4.3898469210e-01,1.0932941437e+00,1.0268572569e+00,1.1678715944e+00,4.0526217222e-01,4.3591418266e+00,1.2928230762e+00,1.3754611015e+00,5.7699650526e-01,1.3116205931e+00,3.8710579872e+00,8.5664016008e-01,7.5127083063e-01,3.5318236351e+00,1.5331355333e+00,9.0163439512e-01,4.5131068230e+00,1.1893188953e+00,1.1690366268e+00,8.3400398493e-01,7.6904875040e-01,8.9329755306e-01,6.0474318266e-01,8.4639930725e-01,9.1838097572e-01,2.5076780319e+00,2.6872370243e+00,2.9883044958e-01,9.0280467272e-01,6.6675603390e-01,4.0443393588e-01,1.2636318207e+00,7.1851629019e-01,8.5621774197e-01,4.8349046707e-01,3.3516333103e+00,1.8749735355e+00,4.3374469876e-01,1.9394460917e+00,1.0807783604e+00,1.1794915199e+00,8.3728194237e-01,4.6696808934e-01
1.4063066244e+00,6.6633898020e-01,1.5382550657e-01,4.8406776786e-01,5.5747187138e-01,1.8943390250e-01,8.4339815378e-01,2.6569622755e-01,3.6649501324e-01,3.0711162090e-01,0.0000000000e+00,2.6379084587e-01,4.5955020189e-01,6.3938367367e-01,7.7990567684e-01,1.9872356951e-01,1.8286329508e-01,4.0483278036e-01,6.5010899305e-01,3.5863706470e-01,8.9801990986e-01,8.6237114668e-01,1.3559432328e-01,1.2397810221e+00,5.2809435129e-01,2.1100638807e-01,4.8814818263e-01,6.3269770145e-01,3.4257528186e-01,2.0666688681e-01,2.6067209244e+00,4.7411727905e-01,1.2273742259e-01,9.6518760920e-01,4.9125060439e-01,2.9265186191e-01,2.6083773375e-01,3.6529877782e-01,4.3543863297e-01,3.4984996915e-01,2.4360355735e-01,3.9981284738e-01,9.7771090269e-01,6.9039875269e-01,3.0296668410e-01,6.1226904392e-01,3.3443340659e-01,4.3023321033e-01,9.6803259850e-01,8.1607043743e-01,2.7202013135e-01,7.1794050932e-01,7.5423467159e-01,1.9435166121e+00,1.0803141594e+00,4.0179491043e-01,3.9561218023e-01,4.0170460939e-01,6.2594193220e-01,5.3226238489e-01,1.2163761854e+00,2.8933039308e-01,3.8920447826e+00,7.1436703205e-01,7.7002799511e-01,3.6278599501e-01,7.3021811247e-01,3.7809627056e+00,7.2257071733e-01,9.3335843086e-01,3.0147659779e+00,1.5935708284e+00,4.9200108647e-01,4.2443404198e+00,6.3565462828e-01,6.1692005396e-01,8.4902489185e-01,3.7604004145e-01,3.6370691657e-01,5.1101297140e-01,5.5988806486e-01,5.2000176907e-01,2.0764377117e+00,2.4778294563e+00,1.6913428903e-01,5.1144689322e-01,5.3967213631e-01,3.6611452699e-01,7.1674656868e-01,3.4165248275e-01,3.5025504231e-01,1.9769839942e-01,2.9193391800e+00,1.4930282831e+00,6.2273949385e-01,1.5690901279e+00,7.6798152924e-01,6.9274777174e-01,3.9883470535e-01,3.7852731347e-01
1.1197305918e+00,5.4839253426e-01,1.3349550962e-01,5.6690609455e-01,5.6533545256e-01,4.2204862833e-01,6.6686016321e-01,4.8693007231e-01,5.7213056087e-01,6.5348565578e-01,2.6379084587e-01,0.0000000000e+00,8.1266522408e-01,4.4036448002e-01,6.6555315256e-01,3.3974483609e-01,3.7545117736e-01,8.7158668041e-01,1.0717034340e+00,4.2674598098e-01,1.3708158731e+00,6.1704063416e-01,3.3990439773e-01,2.0974624157e+00,9.5974218845e-01,3.7746769190e-01,1.9658558071e-01,9.0518099070e-01,8.4388405085e-01,3.6122137308e-01,3.3358039856e+00,6.5622907877e-01,2.7860882878e-01,1.2020179033e+00,6.0315734148e-01,5.0189588219e-02,3.9241689444e-01,5.2331674099e-01,7.6895391941e-01,4.2655736208e-01,6.1722165346e-01,5.3534281254e-01,9.3392938375e-01,6.8597012758e-01,6.0173165798e-01,1.9936808944e-01,1.6850274801e-01,5.8965271711e-01,5.3600972891e-01,1.3484050035e+00,3.8770577312e-01,6.5800231695e-01,9.5466274023e-01,1.9397121668e+00,6.0352635384e-01,7.0807492733e-01,6.8279862404e-01,7.2982120514e-01,3.5207012296e-01,7.7808558941e-01,2.2119958401e+00,8.0197674036e-01,2.9517135620e+00,7.8619349003e-01,6.9728535414e-01,7.3367011547e-01,6.8364435434e-01,4.7857899666e+00,1.4606450796e+00,1.7753888369e+00,2.0778975487e+00,2.6025955677e+00,8.3887284994e-01,5.0688691139e+00,7.0682805777e-01,6.1806434393e-01,1.4443627596e+00,6.3106077909e-01,3.5366645455e-01,1.0564796925e+00,9.1101723909e-01,4.3171986938e-01,2.1295619011e+00,1.8635317087e+00,2.8206151724e-01,6.5746182203e-01,7.5316560268e-01,5.1604384184e-01,6.4577478170e-01,3.2435035706e-01,3.6098793149e-01,5.4166322947e-01,1.9905134439e+00,2.0052945614e+00,9.4555765390e-01,2.1432271004e+00,1.2657767534e+00,6.8944507837e-01,8.7784864008e-02,9.3969100714e-01
2.9221746922e+00,1.4151574373e+00,6.2155163288e-01,3.9984849095e-01,5.6808429956e-01,4.9954903126e-01,1.9044083357e+00,5.4859673977e-01,2.9440987110e-01,6.7897504568e-01,4.5955020189e-01,8.1266522408e-01,0.0000000000e+00,6.6172915697e-01,1.4255038500e+00,4.1101661325e-01,5.7261347771e-01,1.3123194873e-01,9.4437944889e-01,5.1327824593e-01,1.1909906864e+00,8.9010161161e-01,4.1606256366e-01,8.0680042505e-01,8.7927806377e-01,4.6661484241e-01,1.1455720663e+00,4.7852185369e-01,4.2278227210e-01,4.7433310747e-01,2.0762064457e+00,4.0100342035e-01,2.8516146541e-01,8.7806010246e-01,7.5408655405e-01,8.2000458241e-01,8.2117539644e-01,1.5624505281e-01,4.3188837171e-01,3.3565455675e-01,3.3385199308e-01,7.0950776339e-01,9.1990000010e-01,1.1572827101e+00,4.3198135495e-01,1.4782122374e+00,6.4870721102e-01,7.0845490694e-01,1.2173575163e+00,3.7790045142e-01,5.2494072914e-01,9.9920117855e-01,4.7632277012e-01,3.8727145195e+00,2.0513684750e+00,2.3525400460e-01,2.3345316947e-01,1.2839497328e+00,6.8515551090e-01,2.1552333236e-01,9.3682491779e-01,5.9346938133e-01,6.0622892380e+00,7.4155288935e-01,7.9387265444e-01,4.0352925658e-01,6.7964673042e-01,3.4853148460e+00,3.4360846877e-01,7.3564964533e-01,4.7594370842e+00,1.1262949705e+00,2.1169546247e-01,3.8378899097e+00,6.5657204390e-01,5.3336507082e-01,4.2797535658e-01,5.5852031708e-01,6.4089316130e-01,5.2943348885e-01,5.1880824566e-01,4.1753080487e-01,3.4015266895e+00,4.3579783440e+00,5.0742638111e-01,2.0718507469e-01,5.5352675915e-01,3.2838162780e-01,1.0327303410e+00,5.2034813166e-01,2.6892566681e-01,1.8655608594e-01,4.6910848618e+00,1.3811813593e+00,1.0967882872e+00,1.0344567299e+00,6.1661916971e-01,5.8206188679e-01,1.1281462908e+00,5.2437567711e-01
2.2502529621e+00,9.4530713558e-01,6.9498711824e-01,6.4767396450e-01,6.9711410999e-01,7.3695319891e-01,1.0740803480e+00,7.0979952812e-01,6.6943186522e-01,1.0962353945e+00,6.3938367367e-01,4.4036448002e-01,6.6172915697e-01,0.0000000000e+00,7.9309791327e-01,6.3172858953e-01,6.6251099110e-01,9.0684717894e-01,1.2485784292e+00,5.5880439281e-01,1.6665661335e+00,6.5196418762e-01,5.3653854132e-01,2.4914999008e+00,1.4118183851e+00,6.4774405956e-01,6.0160446167e-01,1.0778025389e+00,1.3196800947e+00,6.0724574327e-01,3.1134407520e+00,7.9552721977e-01,5.3976291418e-01,1.2597446442e+00,9.4218164682e-01,5.1179254055e-01,1.1137516499e+00,3.1696331501e-01,1.0050290823e+00,4.1871732473e-01,9.1465687752e-01,5.9912037849e-01,1.0079718828e+00,1.1378272772e+00,1.0181995630e+00,6.6343533993e-01,5.7086533308e-01,6.4558321238e-01,3.1494802237e-01,1.4353865385e+00,8.2581341267e-01,8.1236296892e-01,5.3190410137e-01,3.0268144608e+00,1.2889816761e+00,8.4183484316e-01,5.5948805809e-01,1.3265811205e+00,4.6043615788e-02,5.5357241631e-01,2.4781999588e+00,1.3901053667e+00,4.2010407448e+00,1.0675448179e+00,9.8978745937e-01,1.0946975946e+00,8.2169401646e-01,4.9036984444e+00,1.6141257286e+00,2.2157316208e+00,3.2131972313e+00,2.9465899467e+00,8.7597721815e-01,5.0085282326e+00,8.9767682552e-01,6.1767500639e-01,1.7187501192e+00,9.5105528831e-01,6.2881553173e-01,1.4732028246e+00,1.2098213434e+00,8.1598348916e-02,2.2681081295e+00,2.7679667473e+00,5.7272964716e-01,4.3297737837e-01,8.0501741171e-01,4.0821331739e-01,8.3833009005e-01,2.3121999204e-01,1.9352045655e-01,7.3841851950e-01,2.9871206284e+00,1.9699951410e+00,1.5780951977e+00,1.8998935223e+00,1.2209296227e+00,8.3769530058e-01,6.4398258924e-01,1.4524682760e+00
1.9537380934e+00,4.6687620878e-01,7.8759980202e-01,7.1522182226e-01,7.5145709515e-01,1.2316201925e+00,2.8379169106e-01,4.5492008328e-01,9.3358367682e-01,1.2723666430e+00,7.7990567684e-01,6.6555315256e-01,1.4255038500e+00,7.9309791327e-01,0.0000000000e+00,6.9903665781e-01,9.7446244955e-01,1.3554106951e+00,4.5858711004e-01,4.7027614713e-01,2.5171477795e+00,7.9852592945e-01,8.5974025726e-01,3.0776188374e+00,1.8552302122e+00,1.2501356602e+00,5.0900709629e-01,1.1154464483e+00,1.7177009583e+00,7.0119684935e-01,3.3994014263e+00,8.3804291487e-01,7.0059335232e-01,7.9591822624e-01,6.2269961834e-01,6.1166864634e-01,1.0028266907e+00,8.4527027607e-01,8.8781195879e-01,9.8017662764e-01,1.4907575846e+00,8.6256688833e-01,8.4416675568e-01,6.8711525202e-01,9.3387871981e-01,5.0847864151e-01,7.4941062927e-01,5.4591995478e-01,8.0489689112e-01,2.0400378704e+00,7.6275575161e-01,4.0822437406e-01,7.7518212795e-01,2.0947294235e+00,8.5952097178e-01,9.8232585192e-01,7.5707364082e-01,9.5946437120e-01,8.4267771244e-01,8.8805681467e-01,2.8725843430e+00,1.4595561028e+00,2.8856616020e+00,8.1245195866e-01,8.8762128353e-01,9.2566186190e-01,7.9888516665e-01,4.4705805779e+00,2.0567469597e+00,2.6189432144e+00,2.4171004295e+00,3.5901410580e+00,1.1703915596e+00,4.9888205528e+00,7.1425849199e-01,6.8224292994e-01,2.0814549923e+00,6.1590605974e-01,5.5555021763e-01,1.1827261448e+00,9.8738008738e-01,7.5077414513e-01,1.0364187956e+00,1.8924217224e+00,9.1324108839e-01,1.1473901272e+00,1.5678665638e+00,1.2049190998e+00,4.8220860958e-01,4.6965733171e-01,7.6032269001e-01,1.0404533148e+00,2.0142798424e+00,1.7480667830e+00,1.7441062927e+00,2.6053030491e+00,8.9539390802e-01,9.2204993963e-01,6.8377095461e-01,1.4181948900e+00
1.9942150116e+00,8.5920256376e-01,1.7282271385e-01,2.0552183688e-01,2.5945103168e-01,2.4554748833e-01,8.4350234270e-01,1.7693051696e-01,1.8887203932e-01,4.2740026116e-01,1.9872356951e-01,3.3974483609e-01,4.1101661325e-01,6.3172858953e-01,6.9903665781e-01,0.0000000000e+00,3.3438968658e-01,3.1536829472e-01,5.9091073275e-01,9.7196191549e-02,1.1437265873e+00,5.9399586916e-01,2.3445509374e-01,1.4606331587e+00,6.9034093618e-01,3.0360227823e-01,4.0071639419e-01,4.0100923181e-01,4.8556008935e-01,1.1967054009e-01,3.0176515579e+00,1.5095849335e-01,1.2026466429e-01,6.1316496134e-01,1.9512958825e-01,2.4278002977e-01,2.2114291787e-01,2.1789932251e-01,2.0796421170e-01,4.3261083961e-01,3.9332267642e-01,5.7331901789e-01,4.9536785483e-01,3.3010771871e-01,1.6402472556e-01,6.9172590971e-01,2.6082542539e-01,4.6158015728e-01,9.0739995241e-01,1.0009318590e+00,9.0071693063e-02,4.2900085449e-01,6.4580714703e-01,2.4244246483e+00,1.3207435608e+00,2.4257619679e-01,3.4416311979e-01,6.3881725073e-01,6.5701591969e-01,4.2162749171e-01,1.4355970621e+00,4.9389517307e-01,4.3983869553e+00,3.7398350239e-01,4.1535171866e-01,1.9398903847e-01,3.4557190537e-01,4.1669816971e+00,8.0910795927e-01,1.1823555231e+00,3.4640576839e+00,1.9118365049e+00,4.2497304082e-01,4.8198270798e+00,3.0237346888e-01,3.2567664981e-01,8.4957683086e-01,2.0289580524e-01,1.6514505446e-01,3.8707110286e-01,2.6889890432e-01,4.3467539549e-01,2.2594785690e+00,3.0364799500e+00,1.4040943980e-01,3.3071383834e-01,6.3362002373e-01,3.9002743363e-01,3.3142727613e-01,1.9799815118e-01,3.0201819539e-01,2.2413758934e-01,3.3026685715e+00,1.6986489296e+00,5.7472825050e-01,1.9497177601e+00,5.8845293522e-01,3.0206492543e-01,4.0802192688e-01,5.7907932997e-01
1.4099726677e+00,1.0284752846e+00,3.0734506249e-01,7.6263618469e-01,9.2363905907e-01,1.7963692546e-01,9.7277486324e-01,3.8482958078e-01,4.4222387671e-01,1.1914192140e-01,1.8286329508e-01,3.7545117736e-01,5.7261347771e-01,6.6251099110e-01,9.7446244955e-01,3.3438968658e-01,0.0000000000e+00,4.7359630466e-01,8.1964594126e-01,5.2970349789e-01,5.4555934668e-01,1.2212097645e+00,2.0650787652e-01,1.4726907015e+00,4.2862987518e-01,2.6175057888e-01,7.4882590771e-01,1.0460945368e+00,4.3338516355e-01,2.8912279010e-01,3.0637509823e+00,6.3241678476e-01,3.4175541997e-01,1.2678350210e+00,7.7767103910e-01,4.3930399418e-01,4.4209468365e-01,4.4229778647e-01,6.4328312874e-01,5.3764933348e-01,2.5903776288e-01,2.6091018319e-01,1.3247267008e+00,1.0575478077e+00,5.6238293648e-01,8.2545173168e-01,5.7455509901e-01,7.1475166082e-01,9.7061568499e-01,1.1385020018e+00,5.2023136616e-01,1.1061191559e+00,1.0480886698e+00,2.0717992783e+00,1.1335544586e+00,7.2142654657e-01,6.2776368856e-01,4.6142742038e-01,6.6928362846e-01,8.0351155996e-01,1.4005709887e+00,3.7171110511e-01,3.9751589298e+00,1.1056144238e+00,1.1880946159e+00,5.7818323374e-01,1.0729967356e+00,4.2067294121e+00,9.4753682613e-01,1.0067129135e+00,3.0830779076e+00,1.8233419657e+00,8.1909453869e-01,4.7717876434e+00,9.9660295248e-01,9.2677849531e-01,9.7641766071e-01,6.7245608568e-01,6.2188559771e-01,6.8393009901e-01,8.0433028936e-01,5.6816422939e-01,2.2514302731e+00,2.3862118721e+00,1.8351851404e-01,6.6330045462e-01,4.8466497660e-01,2.8573730588e-01,9.8396646976e-01,4.1996935010e-01,5.5847567320e-01,4.0809115767e-01,2.9290096760e+00,1.8872162104e+00,5.8168238401e-01,1.8908640146e+00,1.0275278091e+00,9.8226553202e-01,5.9603905678e-01,5.8589643240e-01
2.7192561626e+00,1.3824279308e+00,5.5165582895e-01,4.6295687556e-01,6.2065106630e-01,3.9393264055e-01,1.7026469707e+00,4.6108353138e-01,2.8380474448e-01,5.0090926886e-01,4.0483278036e-01,8.7158668041e-01,1.3123194873e-01,9.0684717894e-01,1.3554106951e+00,3.1536829472e-01,4.7359630466e-01,0.0000000000e+00,7.0464187860e-01,4.4480323792e-01,1.0762044191e+00,1.1295964718e+00,4.3931213021e-01,6.7471569777e-01,7.7945154905e-01,4.3940928578e-01,1.1852174997e+00,4.6372696757e-01,3.3834359050e-01,4.4573277235e-01,2.3365797997e+00,3.3350655437e-01,2.9637163877e-01,7.2235578299e-01,5.9579664469e-01,8.3521580696e-01,6.0359245539e-01,2.1741791070e-01,2.8823593259e-01,5.4332607985e-01,3.4153223038e-01,7.3374569416e-01,9.3293303251e-01,9.9306565523e-01,3.1890246272e-01,1.5169621706e+00,7.4667912722e-01,6.0432547331e-01,1.5152913332e+00,4.4754749537e-01,4.4940823317e-01,9.5755237341e-01,5.8822387457e-01,3.4629938602e+00,2.0129535198e+00,2.6879546046e-01,2.7740228176e-01,1.0053213835e+00,9.7191619873e-01,3.0994278193e-01,6.4935874939e-01,4.2924907804e-01,5.7962665558e+00,6.9551223516e-01,8.6696630716e-01,2.4518434703e-01,7.5244468451e-01,3.5299978256e+00,2.4231140316e-01,5.6604373455e-01,4.6333742142e+00,9.9251472950e-01,3.3217272162e-01,4.1144537926e+00,6.5244418383e-01,6.7040413618e-01,3.9758244157e-01,4.3093937635e-01,6.3143718243e-01,3.0420592427e-01,3.4936088324e-01,5.8987015486e-01,3.0710954666e+00,4.1600532532e+00,4.2756432295e-01,3.7069684267e-01,7.2587311268e-01,4.3523922563e-01,9.3994516134e-01,5.1392841339e-01,4.4114667177e-01,2.0009414852e-01,4.5416035652e+00,1.4873888493e+00,7.8373402357e-01,1.3660509586e+00,4.2497888207e-01,6.4411312342e-01,1.1697349548e+00,4.6881213784e-01
2.3934698105e+00,8.6834019423e-01,8.0199319124e-01,6.5005570650e-01,7.8214770555e-01,9.5922297239e-01,8.6259150505e-01,3.1465154886e-01,6.8132567406e-01,8.5771942139e-01,6.5010899305e-01,1.0717034340e+00,9.4437944889e-01,1.2485784292e+00,4.5858711004e-01,5.9091073275e-01,8.1964594126e-01,7.0464187860e-01,0.0000000000e+00,4.4123712182e-01,2.0316226482e+00,1.2218146324e+00,8.1991899014e-01,1.7371534109e+00,1.4609831572e+00,1.0523371696e+00,1.0901643038e+00,6.9020742178e-01,1.0482704639e+00,6.9554013014e-01,2.5760333538e+00,5.7658636570e-01,5.7612121105e-01,4.4335439801e-01,4.9902495742e-01,9.8640245199e-01,7.9788559675e-01,6.8790829182e-01,3.9080852270e-01,1.0400315523e+00,1.0852929354e+00,9.0056437254e-01,9.3132019043e-01,7.9854530096e-01,5.1829457283e-01,1.2576658726e+00,1.0255883932e+00,4.7238078713e-01,1.6479458809e+00,1.3291718960e+00,6.3128113747e-01,5.9495651722e-01,6.8357914686e-01,2.6067035198e+00,1.5158346891e+00,5.7743853331e-01,5.1274544001e-01,7.9969990253e-01,1.3342744112e+00,6.3820993900e-01,1.4494721889e+00,8.6625421047e-01,4.2577619553e+00,6.7475825548e-01,9.8158907890e-01,3.8441517949e-01,8.6973637342e-01,3.2688577175e+00,1.0040946007e+00,1.4224451780e+00,3.6195478439e+00,2.0562195778e+00,7.5717484951e-01,4.1114273071e+00,6.4620560408e-01,7.4962002039e-01,1.2371649742e+00,2.9863414168e-01,6.5640437603e-01,4.0379256010e-01,4.5291098952e-01,9.4385159016e-01,1.6435648203e+00,2.9533638954e+00,8.1619328260e-01,1.0217430592e+00,1.5199943781e+00,1.1060782671e+00,7.0471495390e-01,6.4461517334e-01,8.6425179243e-01,6.4866900444e-01,3.3124630451e+00,1.3057715893e+00,1.2553830147e+00,2.0159306526e+00,2.5236171484e-01,9.1308051348e-01,1.2350468636e+00,7.4940615892e-01
2.1626694202e+00,7.9612040520e-01,3.1024512649e-01,1.2156681716e-01,1.4982682467e-01,4.4561493397e-01,7.3414766788e-01,1.8518242240e-01,2.3878148198e-01,6.8938696384e-01,3.5863706470e-01,4.2674598098e-01,5.1327824593e-01,5.5880439281e-01,4.7027614713e-01,9.7196191549e-02,5.2970349789e-01,4.4480323792e-01,4.4123712182e-01,0.0000000000e+00,1.5612282753e+00,4.1348439455e-01,3.7807962298e-01,1.7829006910e+00,1.0378119946e+00,4.6278604865e-01,3.9313906431e-01,3.1982484460e-01,7.3745638132e-01,2.1378387511e-01,3.1928088665e+00,1.0147599876e-01,2.0338289440e-01,3.6262276769e-01,1.1564467847e-01,3.0292722583e-01,3.8744708896e-01,1.9960370660e-01,1.7003317177e-01,5.0987190008e-01,6.4712816477e-01,6.9056797028e-01,3.0522820354e-01,2.4361185730e-01,2.1874141693e-01,6.7408531904e-01,3.1203535199e-01,3.7316069007e-01,8.4459203482e-01,1.1973081827e+00,1.2060645968e-01,1.9505231082e-01,4.6475553513e-01,2.6173257828e+00,1.2627279758e+00,2.3009237647e-01,3.4868958592e-01,7.7601903677e-01,6.0570728779e-01,3.5563749075e-01,1.6946911812e+00,7.6331019402e-01,4.2869482040e+00,2.2028063238e-01,2.9722180963e-01,2.2181934118e-01,2.0568908751e-01,4.3987812996e+00,9.8699390888e-01,1.5823998451e+00,3.3862822056e+00,2.2857248783e+00,4.8689135909e-01,5.0645990372e+00,1.5586014092e-01,1.7059271038e-01,1.1150623560e+00,1.2859624624e-01,1.2963289022e-01,4.3052706122e-01,2.2869737446e-01,3.5956516862e-01,2.0395815372e+00,3.0198950768e+00,2.6104655862e-01,3.2574847341e-01,8.4413909912e-01,5.0580906868e-01,1.8065844476e-01,1.5472997725e-01,2.7383786440e-01,3.2119926810e-01,3.1565408707e+00,1.7867521048e+00,7.8601813316e-01,2.1694879532e+00,4.1991287470e-01,2.2497759759e-01,4.8767194152e-01,8.0062377453e-01
2.3508734703e+00,2.7031183243e+00,1.2268275023e+00,1.8614536524e+00,2.0872170925e+00,6.3758188486e-01,2.2779374123e+00,1.2299187183e+00,1.1442790031e+00,5.2428865433e-01,8.9801990986e-01,1.3708158731e+00,1.1909906864e+00,1.6665661335e+00,2.5171477795e+00,1.1437265873e+00,5.4555934668e-01,1.0762044191e+00,2.0316226482e+00,1.5612282753e+00,0.0000000000e+00,2.5775938034e+00,7.5498503447e-01,1.9714523554e+00,2.1117106080e-01,7.9783928394e-01,1.8911128044e+00,2.1624994278e+00,7.9485678673e-01,8.6834782362e-01,4.3689966202e+00,1.5547009706e+00,1.2249263525e+00,2.7051205635e+00,1.9071871042e+00,1.4734419584e+00,1.2244632244e+00,1.2208517790e+00,1.5510662794e+00,1.2693074942e+00,5.4185235500e-01,7.1800446510e-01,2.6236023903e+00,2.2696595192e+00,1.4557576180e+00,2.1318926811e+00,1.6844955683e+00,1.9537110329e+00,1.9999928474e+00,1.9882274866e+00,1.4068546295e+00,2.5051813126e+00,2.2041141987e+00,2.9141225815e+00,2.6704969406e+00,1.6779805422e+00,1.6194051504e+00,9.6745371819e-01,1.6993734837e+00,1.8074259758e+00,1.7531346083e+00,7.6486945152e-01,6.1156096458e+00,2.4184482098e+00,2.5289835930e+00,1.5046104193e+00,2.3045377731e+00,5.4719839096e+00,1.4965726137e+00,1.3822892904e+00,5.0658349991e+00,2.2513992786e+00,1.7624458075e+00,6.2935123444e+00,2.1946644783e+00,2.0555086136e+00,1.6665425301e+00,1.7710158825e+00,1.6974893808e+00,1.4656026363e+00,1.7983251810e+00,1.6216219664e+00,3.7375442982e+00,3.8807139397e+00,7.9884296656e-01,1.2772365808e+00,5.7707154751e-01,8.7212729454e-01,2.2546942234e+00,1.4210858345e+00,1.5380401611e+00,1.0357059240e+00,4.9430174828e+00,3.2909557819e+00,1.0691851377e+00,2.7874197960e+00,2.1378579140e+00,2.0834875107e+00,1.6548949480e+00,1.2400665283e+00
2.7350251675e+00,9.1499334574e-01,7.3426228762e-01,2.1392469108e-01,2.8587791324e-01,1.1788630486e+00,1.3048422337e+00,7.7569729090e-01,7.4446654320e-01,1.5109527111e+00,8.6237114668e-01,6.1704063416e-01,8.9010161161e-01,6.5196418762e-01,7.9852592945e-01,5.9399586916e-01,1.2212097645e+00,1.1295964718e+00,1.2218146324e+00,4.1348439455e-01,2.5775938034e+00,0.0000000000e+00,7.9126280546e-01,2.5875923634e+00,1.9225540161e+00,1.0320203304e+00,5.6254631281e-01,6.8631768227e-01,1.3426780701e+00,6.3192099333e-01,3.4490458965e+00,4.5625096560e-01,5.4952490330e-01,7.9355347157e-01,6.0985273123e-01,4.7595709562e-01,1.0567545891e+00,5.7891660929e-01,8.0132573843e-01,6.1854571104e-01,1.1567779779e+00,1.2839821577e+00,4.7858563066e-01,6.3027840853e-01,7.8638863564e-01,8.3418327570e-01,2.7884456515e-01,9.2450225353e-01,7.6557159424e-01,1.5164028406e+00,5.0938880444e-01,4.1089612246e-01,6.7977160215e-01,3.5948667526e+00,1.4128631353e+00,5.3175175190e-01,7.0542401075e-01,1.6194972992e+00,6.2915503979e-01,6.3490843773e-01,2.8975350857e+00,1.5531425476e+00,4.6870326996e+00,4.4366723299e-01,1.9150079787e-01,8.2998567820e-01,2.0850470662e-01,5.0672373772e+00,1.7368164062e+00,2.4906458855e+00,3.5815644264e+00,3.2676558495e+00,7.0697492361e-01,5.1992402077e+00,3.3471730351e-01,1.9581633806e-01,1.5203554630e+00,6.3538974524e-01,4.4945287704e-01,1.2055786848e+00,7.8589916229e-01,5.6293207407e-01,2.8308455944e+00,3.5600781441e+00,8.5696160793e-01,5.7113051414e-01,1.0897010565e+00,7.9692059755e-01,5.1513302326e-01,5.9462225437e-01,4.0550211072e-01,7.5070756674e-01,3.3284692764e+00,2.0887725353e+00,1.6906151772e+00,2.3062956333e+00,1.1076374054e+00,2.5131300092e-01,5.7241547108e-01,1.3546957970e+00
1.8995414972e+00,1.0548070669e+00,2.8465020657e-01,4.4497126341e-01,5.5540984869e-01,2.9615932703e-01,1.0238919258e+00,2.6107791066e-01,2.0802912116e-01,4.3089702725e-01,1.3559432328e-01,3.3990439773e-01,4.1606256366e-01,5.3653854132e-01,8.5974025726e-01,2.3445509374e-01,2.0650787652e-01,4.3931213021e-01,8.1991899014e-01,3.7807962298e-01,7.5498503447e-01,7.9126280546e-01,0.0000000000e+00,1.5231299400e+00,4.4077047706e-01,3.5324117541e-01,5.2369010448e-01,7.4226665497e-01,4.8052272201e-01,1.4305076003e-01,2.9757688046e+00,4.2032909393e-01,1.9442062080e-01,1.0962579250e+00,5.8810806274e-01,3.5576444864e-01,4.6634408832e-01,2.7726742625e-01,4.9759286642e-01,1.9813038409e-01,2.8021624684e-01,2.8566697240e-01,8.6922746897e-01,8.1998163462e-01,4.1516238451e-01,7.5704962015e-01,4.1952374578e-01,6.9871973991e-01,6.6358238459e-01,1.0016006231e+00,3.2633644342e-01,8.0549252033e-01,7.5694555044e-01,2.5106079578e+00,1.2948230505e+00,4.6334517002e-01,4.0522989631e-01,6.3093376160e-01,5.5788379908e-01,5.2787435055e-01,1.6076697111e+00,3.0995568633e-01,4.5833973885e+00,7.7414113283e-01,7.8196501732e-01,4.8061937094e-01,6.5912270546e-01,4.3264422417e+00,8.9818471670e-01,1.2189460993e+00,3.5271945000e+00,2.0324368477e+00,5.4069316387e-01,4.8641824722e+00,6.3643074036e-01,5.3034710884e-01,9.1544300318e-01,4.9078217149e-01,3.4447699785e-01,6.3364040852e-01,6.1278218031e-01,4.6715062857e-01,2.4291393757e+00,2.9596865177e+00,2.3780050874e-01,3.4847512841e-01,2.4174989760e-01,3.2410484552e-01,7.0125776529e-01,3.2614788413e-01,3.2584196329e-01,2.5283965468e-01,3.3831913471e+00,1.8086771965e+00,8.9750009775e-01,1.7244110107e+00,9.0857607126e-01,5.8876407146e-01,5.1552885771e-01,5.6975907087e-01
