0.0000000000e+00,1.1152156591e+00,5.0094264746e-01,9.1899502277e-01,9.0263599157e-01,9.2004841566e-01,1.6020164490e+00,9.4485962391e-01,1.0029406846e-01,9.4869703054e-01
1.1152156591e+00,0.0000000000e+00,1.1159808636e+00,6.8440753222e-01,1.0445179939e+00,7.3641455173e-01,8.3409565687e-01,4.6992495656e-01,9.7281879187e-01,8.8051997125e-02
5.0094264746e-01,1.1159808636e+00,0.0000000000e+00,3.0495527387e-01,1.3483661413e-01,2.6760476828e-01,5.8059424162e-01,3.7537804246e-01,4.5420405269e-01,9.7760480642e-01
9.1899502277e-01,6.8440753222e-01,3.0495527387e-01,0.0000000000e+00,2.5351962447e-01,3.0504621565e-02,2.7863362432e-01,1.5136308968e-01,7.9841178656e-01,6.1002314091e-01
9.0263599157e-01,1.0445179939e+00,1.3483661413e-01,2.5351962447e-01,0.0000000000e+00,2.1668659151e-01,2.8311863542e-01,2.6937046647e-01,7.3826050758e-01,9.2354351282e-01
9.2004841566e-01,7.3641455173e-01,2.6760476828e-01,3.0504621565e-02,2.1668659151e-01,0.0000000000e+00,2.7801358700e-01,1.3462370634e-01,8.1246948242e-01,6.3699191809e-01
1.6020164490e+00,8.3409565687e-01,5.8059424162e-01,2.7863362432e-01,2.8311863542e-01,2.7801358700e-01,0.0000000000e+00,2.5108212233e-01,1.3980617523e+00,8.5034561157e-01
9.4485962391e-01,4.6992495656e-01,3.7537804246e-01,1.5136308968e-01,2.6937046647e-01,1.3462370634e-01,2.5108212233e-01,0.0000000000e+00,8.4996002913e-01,3.5369625688e-01
1.0029406846e-01,9.7281879187e-01,4.5420405269e-01,7.9841178656e-01,7.3826050758e-01,8.1246948242e-01,1.3980617523e+00,8.4996002913e-01,0.0000000000e+00,8.2651221752e-01
9.4869703054e-01,8.8051997125e-02,9.7760480642e-01,6.1002314091e-01,9.2354351282e-01,6.3699191809e-01,8.5034561157e-01,3.5369625688e-01,8.2651221752e-01,0.0000000000e+00
